N 20000000 self 8646670 density 0.4323335
CHECKPOINTS
10 6 0.6
100 44 0.44
1000 433 0.433
10000 4327 0.4327
100000 43267 0.43267
250000 108107 0.432428
500000 216198 0.432396
750000 324275 0.432366666667
1000000 432364 0.432364
2000000 864710 0.432355
5000000 2161673 0.4323346
10000000 4323324 0.4323324
20000000 8646670 0.4323335
MOD 3
0 6666666 6666666 1
1 6666667 1980003 0.2970004351
2 6666667 1 1.499999925e-07
MOD 6
0 3333333 3333333 1
1 3333334 1980003 0.5940007812
2 3333334 1 2.9999994e-07
3 3333333 3333333 1
4 3333333 0 0
5 3333333 0 0
MOD 12
0 1666666 1666666 1
1 1666667 990003 0.5940016812
2 1666667 1 5.9999988e-07
3 1666667 1666667 1
4 1666667 0 0
5 1666667 0 0
6 1666667 1666667 1
7 1666667 990000 0.5939998812
8 1666667 0 0
9 1666666 1666666 1
10 1666666 0 0
11 1666666 0 0
MOD 18
0 1111111 1111111 1
1 1111112 885302 0.7967711626
2 1111112 1 8.9999928e-07
3 1111111 1111111 1
4 1111111 0 0
5 1111111 0 0
6 1111111 1111111 1
7 1111111 1094701 0.9852309985
8 1111111 0 0
9 1111111 1111111 1
10 1111111 0 0
11 1111111 0 0
12 1111111 1111111 1
13 1111111 0 0
14 1111111 0 0
15 1111111 1111111 1
16 1111111 0 0
17 1111111 0 0
MOD 24
0 833333 833333 1
1 833334 495024 0.5940283248
2 833334 1 1.19999904e-06
3 833334 833334 1
4 833334 0 0
5 833334 0 0
6 833334 833334 1
7 833334 495040 0.5940475248
8 833334 0 0
9 833333 833333 1
10 833333 0 0
11 833333 0 0
12 833333 833333 1
13 833333 494979 0.5939750376
14 833333 0 0
15 833333 833333 1
16 833333 0 0
17 833333 0 0
18 833333 833333 1
19 833333 494960 0.5939522376
20 833333 0 0
21 833333 833333 1
22 833333 0 0
23 833333 0 0
MOD 54
1 370371 326502 0.8815539014
7 370371 367395 0.9919648137
13 370371 0 0
19 370371 354930 0.9583093709
25 370370 369478 0.9975915976
31 370370 0 0
37 370370 203870 0.5504495504
43 370370 357828 0.9661365661
49 370370 0 0
MOD 162
1 123457 113178 0.9167402415
7 123457 121244 0.9820747305
13 123457 0 0
19 123457 113738 0.9212762338
25 123457 122909 0.9955612075
31 123457 0 0
37 123457 92199 0.7468106304
43 123457 113853 0.9222077322
49 123457 0 0
55 123457 120691 0.9775954381
61 123457 122866 0.9952129081
67 123457 0 0
73 123457 120546 0.9764209401
79 123457 123278 0.9985501025
85 123457 0 0
91 123457 0 0
97 123457 122748 0.9942571098
103 123457 0 0
109 123457 92633 0.7503260244
115 123457 123285 0.9986068024
121 123457 0 0
127 123457 120646 0.9772309387
133 123456 123291 0.9986634914
139 123456 0 0
145 123456 111671 0.9045408891
151 123456 121227 0.9819449844
157 123456 0 0
MOD 486
1 41153 39004 0.9477802347
7 41153 40731 0.9897455836
13 41153 0 0
19 41153 33670 0.8181663548
25 41153 41123 0.999271013
31 41153 0 0
37 41153 39083 0.9496999004
43 41153 40628 0.9872427284
49 41153 0 0
55 41153 40582 0.9861249484
61 41153 41016 0.9966709596
67 41153 0 0
73 41153 40865 0.9930017253
79 41153 41133 0.9995140087
85 41153 0 0
91 41153 0 0
97 41153 41012 0.9965737613
103 41153 0 0
109 41153 39009 0.9479017326
115 41153 41119 0.9991738148
121 41153 0 0
127 41153 40595 0.9864408427
133 41152 41120 0.999222395
139 41152 0 0
145 41152 39001 0.9477303655
151 41152 39505 0.9599776439
157 41152 0 0
163 41152 40522 0.984690902
169 41152 39504 0.9599533437
175 41152 0 0
181 41152 39447 0.9585682348
187 41152 40732 0.9897939347
193 41152 0 0
199 41152 33183 0.8063520607
205 41152 33746 0.8200330482
211 41152 0 0
217 41152 40602 0.9866349145
223 41152 41110 0.9989793935
229 41152 0 0
235 41152 40291 0.9790775661
241 41152 41116 0.9991251944
247 41152 0 0
253 41152 0 0
259 41152 41010 0.9965493779
265 41152 0 0
271 41152 33595 0.8163637247
277 41152 41050 0.9975213841
283 41152 0 0
289 41152 40578 0.9860517107
295 41152 41042 0.9973269829
301 41152 0 0
307 41152 38994 0.9475602644
313 41152 41022 0.9968409798
319 41152 0 0
325 41152 33652 0.8177488336
331 41152 41009 0.9965250778
337 41152 0 0
343 41152 40621 0.9870966174
349 41152 41054 0.9976185848
355 41152 0 0
361 41152 19933 0.484375
367 41152 39479 0.9593458398
373 41152 0 0
379 41152 39507 0.9600262442
385 41152 40740 0.9899883359
391 41152 0 0
397 41152 39390 0.957183126
403 41152 41029 0.9970110809
409 41152 0 0
415 41152 0 0
421 41152 40726 0.9896481337
427 41152 0 0
433 41152 20029 0.4867078149
439 41152 41116 0.9991251944
445 41152 0 0
451 41152 39473 0.9592000389
457 41152 41129 0.9994410964
463 41152 0 0
469 41152 33676 0.8183320373
475 41152 40700 0.9890163297
481 41152 0 0
MOD 1458
1 13718 13221 0.9637702289
7 13718 13696 0.9983962677
13 13718 0 0
19 13718 13317 0.9707683336
25 13718 13710 0.9994168246
31 13718 0 0
37 13718 13286 0.9685085289
43 13718 13611 0.9922000292
49 13718 0 0
55 13718 13665 0.996136463
61 13718 13639 0.994241143
67 13718 0 0
73 13718 13683 0.9974486077
79 13718 13710 0.9994168246
85 13718 0 0
91 13718 0 0
97 13718 13688 0.9978130923
103 13718 0 0
109 13718 13224 0.9639889197
115 13718 13710 0.9994168246
121 13718 0 0
127 13718 13379 0.9752879428
133 13718 13701 0.9987607523
139 13718 0 0
145 13718 13293 0.9690188074
151 13718 12495 0.9108470623
157 13718 0 0
163 13718 13606 0.9918355445
169 13718 13606 0.9918355445
175 13718 0 0
181 13718 12485 0.910118093
187 13718 13688 0.9978130923
193 13718 0 0
199 13718 13253 0.9661029305
205 13718 7939 0.5787286776
211 13718 0 0
217 13718 13603 0.9916168538
223 13718 13711 0.9994897215
229 13718 0 0
235 13718 13375 0.9749963552
241 13718 13705 0.99905234
247 13718 0 0
253 13718 0 0
259 13718 13682 0.9973757107
265 13718 0 0
271 13718 7912 0.5767604607
277 13718 13635 0.9939495553
283 13718 0 0
289 13718 13601 0.9914710599
295 13718 13713 0.9996355154
301 13718 0 0
307 13718 13107 0.9554599796
313 13718 13639 0.994241143
319 13718 0 0
325 13718 7907 0.5763959761
331 13718 13688 0.9978130923
337 13718 0 0
343 13718 13617 0.9926374107
349 13718 13699 0.9986149584
355 13718 0 0
361 13718 7824 0.5703455314
367 13718 13611 0.9922000292
373 13718 0 0
379 13718 12496 0.9109199592
385 13718 13694 0.9982504738
391 13718 0 0
397 13718 13552 0.9878991107
403 13718 13634 0.9938766584
409 13718 0 0
415 13718 0 0
421 13718 13644 0.9946056276
427 13718 0 0
433 13718 0 0
439 13718 13694 0.9982504738
445 13718 0 0
451 13718 13603 0.9916168538
457 13718 13712 0.9995626185
463 13718 0 0
469 13718 13309 0.9701851582
475 13718 13406 0.9772561598
481 13718 0 0
487 13718 13296 0.9692374982
493 13718 13621 0.9929289984
499 13718 0 0
505 13718 12424 0.9056713807
511 13718 13702 0.9988336492
517 13718 0 0
523 13718 12495 0.9108470623
529 13718 13401 0.9768916752
535 13718 0 0
541 13718 13545 0.9873888322
547 13718 13685 0.9975944015
553 13718 0 0
559 13718 13607 0.9919084415
565 13718 13716 0.9998542062
571 13718 0 0
577 13718 0 0
583 13718 13686 0.9976672984
589 13718 0 0
595 13718 13295 0.9691646013
601 13718 13713 0.9996355154
607 13718 0 0
613 13718 13665 0.996136463
619 13717 13709 0.9994167821
625 13717 0 0
631 13717 12427 0.9059561129
637 13717 13402 0.977035795
643 13717 0 0
649 13717 13327 0.9715681271
655 13717 12506 0.9117153897
661 13717 0 0
667 13717 13358 0.9738280965
673 13717 13637 0.994167821
679 13717 0 0
685 13717 12077 0.8804403295
691 13717 13338 0.9723700518
697 13717 0 0
703 13717 13383 0.9756506525
709 13717 13693 0.9982503463
715 13717 0 0
721 13717 13597 0.9912517314
727 13717 13711 0.9995625866
733 13717 0 0
739 13717 0 0
745 13717 13705 0.9991251731
751 13717 0 0
757 13717 13324 0.9713494204
763 13717 13702 0.9989064664
769 13717 0 0
775 13717 13592 0.9908872202
781 13717 13633 0.993876212
787 13717 0 0
793 13717 13518 0.9854924546
799 13717 13697 0.9985419552
805 13717 0 0
811 13717 13294 0.9691623533
817 13717 13635 0.9940220165
823 13717 0 0
829 13717 13618 0.9927826784
835 13717 13712 0.9996354888
841 13717 0 0
847 13717 12109 0.8827732011
853 13717 12493 0.9107676606
859 13717 0 0
865 13717 13395 0.9765254793
871 13717 13633 0.993876212
877 13717 0 0
883 13717 12469 0.9090180069
889 13717 13685 0.9976671284
895 13717 0 0
901 13717 0 0
907 13717 13389 0.9760880659
913 13717 0 0
919 13717 7865 0.5733761026
925 13717 13715 0.9998541955
931 13717 0 0
937 13717 12485 0.9101844427
943 13717 13701 0.9988335642
949 13717 0 0
955 13717 12451 0.9077057666
961 13717 13685 0.9976671284
967 13717 0 0
973 13717 12487 0.9103302471
979 13717 13414 0.9779106219
985 13717 0 0
991 13717 7929 0.5780418459
997 13717 13711 0.9995625866
1003 13717 0 0
1009 13717 13302 0.9697455712
1015 13717 13616 0.992636874
1021 13717 0 0
1027 13717 13372 0.9748487279
1033 13717 13692 0.998177444
1039 13717 0 0
1045 13717 13575 0.9896478822
1051 13717 13707 0.9992709776
1057 13717 0 0
1063 13717 0 0
1069 13717 13638 0.9942407232
1075 13717 0 0
1081 13717 12490 0.9105489539
1087 13717 13696 0.998469053
1093 13717 0 0
1099 13717 13551 0.9878982285
1105 13717 13710 0.9994896843
1111 13717 0 0
1117 13717 13281 0.9682146242
1123 13717 13608 0.992053656
1129 13717 0 0
1135 13717 13589 0.9906685135
1141 13717 13392 0.9763067726
1147 13717 0 0
1153 13717 13604 0.9917620471
1159 13717 13407 0.9774003062
1165 13717 0 0
1171 13717 7853 0.5725012758
1177 13717 12469 0.9090180069
1183 13717 0 0
1189 13717 13616 0.992636874
1195 13717 13706 0.9991980754
1201 13717 0 0
1207 13717 13319 0.9709849092
1213 13717 13700 0.998760662
1219 13717 0 0
1225 13717 0 0
1231 13717 13623 0.9931471896
1237 13717 0 0
1243 13717 12359 0.9009987607
1249 13717 13713 0.999708391
1255 13717 0 0
1261 13717 13385 0.975796457
1267 13717 13696 0.998469053
1273 13717 0 0
1279 13717 12369 0.901727783
1285 13717 13686 0.9977400306
1291 13717 0 0
1297 13717 12451 0.9077057666
1303 13717 13686 0.9977400306
1309 13717 0 0
1315 13717 13386 0.9758693592
1321 13717 13643 0.9946052344
1327 13717 0 0
1333 13717 0 0
1339 13717 13375 0.9750674346
1345 13717 0 0
1351 13717 13616 0.992636874
1357 13717 13413 0.9778377196
1363 13717 0 0
1369 13717 13369 0.9746300211
1375 13717 13710 0.9994896843
1381 13717 0 0
1387 13717 0 0
1393 13717 13693 0.9982503463
1399 13717 0 0
1405 13717 12164 0.8867828242
1411 13717 13707 0.9992709776
1417 13717 0 0
1423 13717 13385 0.975796457
1429 13717 13716 0.9999270978
1435 13717 0 0
1441 13717 7916 0.5770941168
1447 13717 13609 0.9921265583
1453 13717 0 0
MOD 4374
1 4573 4476 0.9787885414
7 4573 4570 0.9993439755
13 4573 0 0
19 4573 4492 0.9822873387
25 4573 4569 0.9991253007
31 4573 0 0
37 4573 4310 0.9424885196
43 4573 4551 0.9951891537
49 4573 0 0
55 4573 4563 0.9978132517
61 4573 4511 0.9864421605
67 4573 0 0
73 4573 4563 0.9978132517
79 4573 4570 0.9993439755
85 4573 0 0
91 4573 0 0
97 4573 4555 0.9960638531
103 4573 0 0
109 4573 4433 0.9693855237
115 4573 4572 0.9997813252
121 4573 0 0
127 4573 4544 0.9936584299
133 4573 4564 0.9980319265
139 4573 0 0
145 4573 4442 0.9713535972
151 4573 4500 0.9840367374
157 4573 0 0
163 4573 4560 0.9971572272
169 4573 4557 0.9965012027
175 4573 0 0
181 4573 4488 0.9814126394
187 4573 4566 0.9984692762
193 4573 0 0
199 4573 4473 0.9781325169
205 4573 0 0
211 4573 0 0
217 4573 4552 0.9954078286
223 4573 4570 0.9993439755
229 4573 0 0
235 4573 4327 0.9462059917
241 4573 4572 0.9997813252
247 4573 0 0
253 4573 0 0
259 4573 4561 0.997375902
265 4573 0 0
271 4573 3652 0.7986004811
277 4573 4564 0.9980319265
283 4573 0 0
289 4573 4561 0.997375902
295 4573 4573 1
301 4573 0 0
307 4573 4290 0.938115023
313 4573 4507 0.9855674612
319 4573 0 0
325 4573 0 0
331 4573 4562 0.9975945769
337 4573 0 0
343 4573 4508 0.985786136
349 4573 4559 0.9969385524
355 4573 0 0
361 4573 3547 0.7756396239
367 4573 4511 0.9864421605
373 4573 0 0
379 4573 4339 0.9488300897
385 4573 4569 0.9991253007
391 4573 0 0
397 4573 4500 0.9840367374
403 4573 4569 0.9991253007
409 4573 0 0
415 4573 0 0
421 4573 4559 0.9969385524
427 4573 0 0
433 4573 0 0
439 4573 4555 0.9960638531
445 4573 0 0
451 4573 4549 0.9947518041
457 4573 4569 0.9991253007
463 4573 0 0
469 4573 4319 0.944456593
475 4573 4552 0.9954078286
481 4573 0 0
487 4573 4278 0.935490925
493 4573 4516 0.9875355347
499 4573 0 0
505 4573 4308 0.9420511699
511 4573 4562 0.9975945769
517 4573 0 0
523 4573 4498 0.9835993877
529 4573 4510 0.9862234857
535 4573 0 0
541 4573 4555 0.9960638531
547 4573 4566 0.9984692762
553 4573 0 0
559 4573 4559 0.9969385524
565 4573 4573 1
571 4573 0 0
577 4573 0 0
583 4573 4569 0.9991253007
589 4573 0 0
595 4573 4526 0.989722283
601 4573 4573 1
607 4573 0 0
613 4573 4553 0.9956265034
619 4573 4573 1
625 4573 0 0
631 4573 4322 0.9451126175
637 4573 4510 0.9862234857
643 4573 0 0
649 4573 4496 0.983162038
655 4573 4502 0.984474087
661 4573 0 0
667 4573 4485 0.9807566149
673 4573 4558 0.9967198775
679 4573 0 0
685 4573 4199 0.9182156134
691 4573 4341 0.9492674393
697 4573 0 0
703 4573 4324 0.9455499672
709 4573 4569 0.9991253007
715 4573 0 0
721 4573 4559 0.9969385524
727 4573 4573 1
733 4573 0 0
739 4573 0 0
745 4573 4571 0.9995626503
751 4573 0 0
757 4573 4498 0.9835993877
763 4573 4573 1
769 4573 0 0
775 4573 4505 0.9851301115
781 4573 4567 0.998687951
787 4573 0 0
793 4573 4545 0.9938771047
799 4573 4567 0.998687951
805 4573 0 0
811 4573 4326 0.9459873169
817 4573 4510 0.9862234857
823 4573 0 0
829 4573 4554 0.9958451782
835 4573 4568 0.9989066258
841 4573 0 0
847 4573 4208 0.9201836869
853 4573 4326 0.9459873169
859 4573 0 0
865 4573 4552 0.9954078286
871 4573 4508 0.985786136
877 4573 0 0
883 4573 4324 0.9455499672
889 4573 4572 0.9997813252
895 4573 0 0
901 4573 0 0
907 4573 4497 0.9833807129
913 4573 0 0
919 4573 0 0
925 4573 4571 0.9995626503
931 4573 0 0
937 4573 4496 0.983162038
943 4573 4560 0.9971572272
949 4573 0 0
955 4573 3644 0.7968510824
961 4573 4552 0.9954078286
967 4573 0 0
973 4573 4342 0.9494861141
979 4573 4556 0.9962825279
985 4573 0 0
991 4573 0 0
997 4573 4573 1
1003 4573 0 0
1009 4573 4499 0.9838180625
1015 4573 4564 0.9980319265
1021 4573 0 0
1027 4573 4509 0.9860048108
1033 4573 4566 0.9984692762
1039 4573 0 0
1045 4573 4548 0.9945331292
1051 4573 4567 0.998687951
1057 4573 0 0
1063 4573 0 0
1069 4573 4510 0.9862234857
1075 4573 0 0
1081 4573 3668 0.8020992784
1087 4573 4569 0.9991253007
1093 4573 0 0
1099 4573 4511 0.9864421605
1105 4573 4573 1
1111 4573 0 0
1117 4573 4470 0.9774764925
1123 4573 4507 0.9855674612
1129 4573 0 0
1135 4573 4548 0.9945331292
1141 4573 4502 0.984474087
1147 4573 0 0
1153 4573 4501 0.9842554122
1159 4573 4515 0.9873168598
1165 4573 0 0
1171 4573 0 0
1177 4573 3669 0.8023179532
1183 4573 0 0
1189 4573 4506 0.9853487864
1195 4573 4571 0.9995626503
1201 4573 0 0
1207 4573 4334 0.9477367155
1213 4573 4568 0.9989066258
1219 4573 0 0
1225 4573 0 0
1231 4573 4560 0.9971572272
1237 4573 0 0
1243 4573 4459 0.9750710693
1249 4573 4573 1
1255 4573 0 0
1261 4573 4545 0.9938771047
1267 4573 4570 0.9993439755
1273 4573 0 0
1279 4573 4430 0.9687294992
1285 4573 4570 0.9993439755
1291 4573 0 0
1297 4573 3654 0.7990378307
1303 4573 4570 0.9993439755
1309 4573 0 0
1315 4573 4509 0.9860048108
1321 4573 4516 0.9875355347
1327 4573 0 0
1333 4573 0 0
1339 4573 4546 0.9940957796
1345 4573 0 0
1351 4573 4556 0.9962825279
1357 4573 4558 0.9967198775
1363 4573 0 0
1369 4573 4549 0.9947518041
1375 4573 4572 0.9997813252
1381 4573 0 0
1387 4573 0 0
1393 4573 4565 0.9982506014
1399 4573 0 0
1405 4573 4257 0.9308987536
1411 4573 4570 0.9993439755
1417 4573 0 0
1423 4573 4508 0.985786136
1429 4573 4572 0.9997813252
1435 4573 0 0
1441 4573 3625 0.7926962607
1447 4573 4558 0.9967198775
1453 4573 0 0
1459 4573 4475 0.9785698666
1465 4573 4563 0.9978132517
1471 4573 0 0
1477 4573 4332 0.9472993658
1483 4573 4570 0.9993439755
1489 4573 0 0
1495 4573 4445 0.9720096217
1501 4573 4506 0.9853487864
1507 4573 0 0
1513 4573 4557 0.9965012027
1519 4573 4568 0.9989066258
1525 4573 0 0
1531 4573 4570 0.9993439755
1537 4573 4568 0.9989066258
1543 4573 0 0
1549 4573 0 0
1555 4573 4569 0.9991253007
1561 4573 0 0
1567 4573 4327 0.9462059917
1573 4573 4572 0.9997813252
1579 4573 0 0
1585 4573 4334 0.9477367155
1591 4573 4568 0.9989066258
1597 4573 0 0
1603 4573 4534 0.9914716816
1609 4573 4340 0.9490487645
1615 4573 0 0
1621 4573 4491 0.9820686639
1627 4573 4497 0.9833807129
1633 4573 0 0
1639 4573 4338 0.9486114148
1645 4573 4569 0.9991253007
1651 4573 0 0
1657 4573 4285 0.9370216488
1663 4573 3655 0.7992565056
1669 4573 0 0
1675 4573 4551 0.9951891537
1681 4573 4572 0.9997813252
1687 4573 0 0
1693 4573 4500 0.9840367374
1699 4573 4561 0.997375902
1705 4573 0 0
1711 4573 0 0
1717 4573 4554 0.9958451782
1723 4573 0 0
1729 4573 4260 0.931554778
1735 4573 4556 0.9962825279
1741 4573 0 0
1747 4573 4528 0.9901596326
1753 4573 4572 0.9997813252
1759 4573 0 0
1765 4573 4500 0.9840367374
1771 4573 4570 0.9993439755
1777 4573 0 0
1783 4573 3641 0.7961950579
1789 4573 4572 0.9997813252
1795 4573 0 0
1801 4573 4564 0.9980319265
1807 4573 4569 0.9991253007
1813 4573 0 0
1819 4573 4277 0.9352722502
1825 4573 4549 0.9947518041
1831 4573 0 0
1837 4573 3661 0.8005685546
1843 4573 4561 0.997375902
1849 4573 0 0
1855 4573 4505 0.9851301115
1861 4573 4554 0.9958451782
1867 4573 0 0
1873 4573 0 0
1879 4573 4515 0.9873168598
1885 4573 0 0
1891 4573 0 0
1897 4573 4569 0.9991253007
1903 4573 0 0
1909 4573 4505 0.9851301115
1915 4573 4571 0.9995626503
1921 4573 0 0
1927 4573 4490 0.9818499891
1933 4573 4345 0.9501421386
1939 4573 0 0
1945 4573 4481 0.9798819156
1951 4573 4560 0.9971572272
1957 4573 0 0
1963 4573 3631 0.7940083096
1969 4573 4569 0.9991253007
1975 4573 0 0
1981 4573 4333 0.9475180407
1987 4573 4553 0.9956265034
1993 4573 0 0
1999 4573 4485 0.9807566149
2005 4573 4568 0.9989066258
2011 4573 0 0
2017 4573 4539 0.9925650558
2023 4573 4573 1
2029 4573 0 0
2035 4573 0 0
2041 4573 4569 0.9991253007
2047 4573 0 0
2053 4573 4335 0.9479553903
2059 4573 4571 0.9995626503
2065 4573 0 0
2071 4573 4564 0.9980319265
2077 4572 4570 0.9995625547
2083 4572 0 0
2089 4572 3633 0.7946194226
2095 4572 4559 0.9971566054
2101 4572 0 0
2107 4572 4493 0.9827209099
2113 4572 4347 0.9507874016
2119 4572 0 0
2125 4572 4548 0.9947506562
2131 4572 4513 0.9870953631
2137 4572 0 0
2143 4572 3633 0.7946194226
2149 4572 4499 0.9840332458
2155 4572 0 0
2161 4572 4507 0.9857830271
2167 4572 4567 0.9989063867
2173 4572 0 0
2179 4572 4546 0.9943132108
2185 4572 4571 0.9997812773
2191 4572 0 0
2197 4572 0 0
2203 4572 4566 0.998687664
2209 4572 0 0
2215 4572 4487 0.9814085739
2221 4572 4561 0.9975940507
2227 4572 0 0
2233 4572 4540 0.9930008749
2239 4572 4559 0.9971566054
2245 4572 0 0
2251 4572 4489 0.9818460192
2257 4572 4569 0.999343832
2263 4572 0 0
2269 4572 4471 0.9779090114
2275 4572 4566 0.998687664
2281 4572 0 0
2287 4572 4509 0.9862204724
2293 4572 4572 1
2299 4572 0 0
2305 4572 3643 0.7968066492
2311 4572 3666 0.8018372703
2317 4572 0 0
2323 4572 4338 0.9488188976
2329 4572 4567 0.9989063867
2335 4572 0 0
2341 4572 3657 0.7998687664
2347 4572 4552 0.9956255468
2353 4572 0 0
2359 4572 0 0
2365 4572 4554 0.9960629921
2371 4572 0 0
2377 4572 3598 0.7869641295
2383 4572 4572 1
2389 4572 0 0
2395 4572 4325 0.9459755031
2401 4572 4569 0.999343832
2407 4572 0 0
2413 4572 4485 0.9809711286
2419 4572 4567 0.9989063867
2425 4572 0 0
2431 4572 3667 0.802055993
2437 4572 4351 0.9516622922
2443 4572 0 0
2449 4572 3653 0.7989938758
2455 4572 4571 0.9997812773
2461 4572 0 0
2467 4572 4485 0.9809711286
2473 4572 4546 0.9943132108
2479 4572 0 0
2485 4572 4530 0.9908136483
2491 4572 4571 0.9997812773
2497 4572 0 0
2503 4572 4528 0.990376203
2509 4572 4568 0.9991251094
2515 4572 0 0
2521 4572 0 0
2527 4572 4569 0.999343832
2533 4572 0 0
2539 4572 4488 0.9816272966
2545 4572 4570 0.9995625547
2551 4572 0 0
2557 4572 4542 0.9934383202
2563 4572 4569 0.999343832
2569 4572 0 0
2575 4572 4331 0.947287839
2581 4572 4553 0.9958442695
2587 4572 0 0
2593 4572 4538 0.9925634296
2599 4572 4557 0.9967191601
2605 4572 0 0
2611 4572 4546 0.9943132108
2617 4572 4550 0.9951881015
2623 4572 0 0
2629 4572 3623 0.792432196
2635 4572 4485 0.9809711286
2641 4572 0 0
2647 4572 4563 0.9980314961
2653 4572 4566 0.998687664
2659 4572 0 0
2665 4572 4437 0.9704724409
2671 4572 4572 1
2677 4572 0 0
2683 4572 0 0
2689 4572 4498 0.9838145232
2695 4572 0 0
2701 4572 4249 0.9293525809
2707 4572 4570 0.9995625547
2713 4572 0 0
2719 4572 4333 0.9477252843
2725 4572 4556 0.9965004374
2731 4572 0 0
2737 4572 4311 0.9429133858
2743 4572 4557 0.9967191601
2749 4572 0 0
2755 4572 4506 0.9855643045
2761 4572 4559 0.9971566054
2767 4572 0 0
2773 4572 4541 0.9932195976
2779 4572 4567 0.9989063867
2785 4572 0 0
2791 4572 0 0
2797 4572 4340 0.949256343
2803 4572 0 0
2809 4572 4557 0.9967191601
2815 4572 4340 0.949256343
2821 4572 0 0
2827 4572 4332 0.9475065617
2833 4572 4570 0.9995625547
2839 4572 0 0
2845 4572 0 0
2851 4572 4560 0.9973753281
2857 4572 0 0
2863 4572 4254 0.9304461942
2869 4572 4570 0.9995625547
2875 4572 0 0
2881 4572 4552 0.9956255468
2887 4572 4572 1
2893 4572 0 0
2899 4572 4291 0.9385389326
2905 4572 4546 0.9943132108
2911 4572 0 0
2917 4572 4270 0.9339457568
2923 4572 4563 0.9980314961
2929 4572 0 0
2935 4572 4493 0.9827209099
2941 4572 4571 0.9997812773
2947 4572 0 0
2953 4572 4531 0.991032371
2959 4572 4554 0.9960629921
2965 4572 0 0
2971 4572 4545 0.9940944882
2977 4572 4560 0.9973753281
2983 4572 0 0
2989 4572 4550 0.9951881015
2995 4572 4572 1
3001 4572 0 0
3007 4572 0 0
3013 4572 4564 0.9982502187
3019 4572 0 0
3025 4572 4464 0.9763779528
3031 4572 4566 0.998687664
3037 4572 0 0
3043 4572 4501 0.9844706912
3049 4572 4569 0.999343832
3055 4572 0 0
3061 4572 4317 0.9442257218
3067 4572 3655 0.7994313211
3073 4572 0 0
3079 4572 4555 0.9962817148
3085 4572 4552 0.9956255468
3091 4572 0 0
3097 4572 3659 0.8003062117
3103 4572 4553 0.9958442695
3109 4572 0 0
3115 4572 4495 0.9831583552
3121 4572 4284 0.937007874
3127 4572 0 0
3133 4572 4500 0.9842519685
3139 4572 4569 0.999343832
3145 4572 0 0
3151 4572 4548 0.9947506562
3157 4572 4572 1
3163 4572 0 0
3169 4572 0 0
3175 4572 4567 0.9989063867
3181 4572 0 0
3187 4572 0 0
3193 4572 4515 0.9875328084
3199 4572 0 0
3205 4572 4512 0.9868766404
3211 4572 4568 0.9991251094
3217 4572 0 0
3223 4572 4317 0.9442257218
3229 4572 4562 0.9978127734
3235 4572 0 0
3241 4572 4266 0.9330708661
3247 4572 4554 0.9960629921
3253 4572 0 0
3259 4572 4545 0.9940944882
3265 4572 4571 0.9997812773
3271 4572 0 0
3277 4572 0 0
3283 4572 4551 0.9954068241
3289 4572 0 0
3295 4572 4496 0.9833770779
3301 4572 4564 0.9982502187
3307 4572 0 0
3313 4572 4547 0.9945319335
3319 4572 4511 0.9866579178
3325 4572 0 0
3331 4572 0 0
3337 4572 4570 0.9995625547
3343 4572 0 0
3349 4572 0 0
3355 4572 4570 0.9995625547
3361 4572 0 0
3367 4572 4549 0.9949693788
3373 4572 4572 1
3379 4572 0 0
3385 4572 4500 0.9842519685
3391 4572 4509 0.9862204724
3397 4572 0 0
3403 4572 4537 0.9923447069
3409 4572 4545 0.9940944882
3415 4572 0 0
3421 4572 4485 0.9809711286
3427 4572 4571 0.9997812773
3433 4572 0 0
3439 4572 3664 0.801399825
3445 4572 4338 0.9488188976
3451 4572 0 0
3457 4572 4505 0.9853455818
3463 4572 4551 0.9954068241
3469 4572 0 0
3475 4572 4509 0.9862204724
3481 4572 4570 0.9995625547
3487 4572 0 0
3493 4572 0 0
3499 4572 4548 0.9947506562
3505 4572 0 0
3511 4572 4434 0.969816273
3517 4572 4569 0.999343832
3523 4572 0 0
3529 4572 4548 0.9947506562
3535 4572 4566 0.998687664
3541 4572 0 0
3547 4572 4472 0.978127734
3553 4572 4333 0.9477252843
3559 4572 0 0
3565 4572 4338 0.9488188976
3571 4572 3657 0.7998687664
3577 4572 0 0
3583 4572 4325 0.9459755031
3589 4572 4566 0.998687664
3595 4572 0 0
3601 4572 4245 0.9284776903
3607 4572 4498 0.9838145232
3613 4572 0 0
3619 4572 4552 0.9956255468
3625 4572 4557 0.9967191601
3631 4572 0 0
3637 4572 4492 0.9825021872
3643 4572 4567 0.9989063867
3649 4572 0 0
3655 4572 0 0
3661 4572 4568 0.9991251094
3667 4572 0 0
3673 4572 4339 0.9490376203
3679 4572 4568 0.9991251094
3685 4572 0 0
3691 4572 4547 0.9945319335
3697 4572 4507 0.9857830271
3703 4572 0 0
3709 4572 4484 0.9807524059
3715 4572 4561 0.9975940507
3721 4572 0 0
3727 4572 4497 0.9835958005
3733 4572 4559 0.9971566054
3739 4572 0 0
3745 4572 4555 0.9962817148
3751 4572 4572 1
3757 4572 0 0
3763 4572 4258 0.9313210849
3769 4572 4501 0.9844706912
3775 4572 0 0
3781 4572 4505 0.9853455818
3787 4572 4558 0.9969378828
3793 4572 0 0
3799 4572 4488 0.9816272966
3805 4572 4561 0.9975940507
3811 4572 0 0
3817 4572 0 0
3823 4572 4338 0.9488188976
3829 4572 0 0
3835 4572 4267 0.9332895888
3841 4572 4572 1
3847 4572 0 0
3853 4572 3664 0.801399825
3859 4572 4572 1
3865 4572 0 0
3871 4572 4322 0.9453193351
3877 4572 4566 0.998687664
3883 4572 0 0
3889 4572 4478 0.97944007
3895 4572 4507 0.9857830271
3901 4572 0 0
3907 4572 4276 0.9352580927
3913 4572 4567 0.9989063867
3919 4572 0 0
3925 4572 4318 0.9444444444
3931 4572 4506 0.9855643045
3937 4572 0 0
3943 4572 4333 0.9477252843
3949 4572 4555 0.9962817148
3955 4572 0 0
3961 4572 4499 0.9840332458
3967 4572 4572 1
3973 4572 0 0
3979 4572 0 0
3985 4572 4559 0.9971566054
3991 4572 0 0
3997 4572 4334 0.947944007
4003 4572 4557 0.9967191601
4009 4572 0 0
4015 4572 4498 0.9838145232
4021 4572 4568 0.9991251094
4027 4572 0 0
4033 4572 4480 0.9798775153
4039 4572 4548 0.9947506562
4045 4572 0 0
4051 4572 4503 0.9849081365
4057 4572 4333 0.9477252843
4063 4572 0 0
4069 4572 4557 0.9967191601
4075 4572 4342 0.9496937883
4081 4572 0 0
4087 4572 4230 0.9251968504
4093 4572 4315 0.9437882765
4099 4572 0 0
4105 4572 4547 0.9945319335
4111 4572 4569 0.999343832
4117 4572 0 0
4123 4572 4548 0.9947506562
4129 4572 4560 0.9973753281
4135 4572 0 0
4141 4572 0 0
4147 4572 4565 0.9984689414
4153 4572 0 0
4159 4572 3651 0.7985564304
4165 4572 4570 0.9995625547
4171 4572 0 0
4177 4572 4507 0.9857830271
4183 4572 4570 0.9995625547
4189 4572 0 0
4195 4572 3628 0.7935258093
4201 4572 4559 0.9971566054
4207 4572 0 0
4213 4572 4291 0.9385389326
4219 4572 4557 0.9967191601
4225 4572 0 0
4231 4572 4336 0.9483814523
4237 4572 4560 0.9973753281
4243 4572 0 0
4249 4572 0 0
4255 4572 4489 0.9818460192
4261 4572 0 0
4267 4572 4503 0.9849081365
4273 4572 4515 0.9875328084
4279 4572 0 0
4285 4572 4488 0.9816272966
4291 4572 4568 0.9991251094
4297 4572 0 0
4303 4572 0 0
4309 4572 4568 0.9991251094
4315 4572 0 0
4321 4572 3653 0.7989938758
4327 4572 4567 0.9989063867
4333 4572 0 0
4339 4572 4325 0.9459755031
4345 4572 4572 1
4351 4572 0 0
4357 4572 0 0
4363 4572 4505 0.9853455818
4369 4572 0 0
